0 0 16.161
1 1 26.520
2 2 9.449
3 5 13.236
4 6 13.232
5 9 10.835
6 10 25.922
7 11 6.103
8 14 12.942
9 15 12.923
10 17 12.941
11 18 12.952
12 21 8.834
13 22 16.189
14 23 4.448
15 26 13.360
16 27 13.374
17 29 13.360
18 30 13.342
19 33 7.737
20 34 16.018
21 35 4.033
22 38 16.013
23 39 16.002
24 42 5.758
25 43 2.026
26 48 7.489
27 51 11.040
28 54 13.356
29 55 13.355
30 57 6.339
31 60 12.653
32 63 12.916
33 64 12.931
34 66 7.487
35 67 8.098
36 69 6.332
37 72 13.359
38 73 13.372
39 75 6.350
40 76 8.019
41 78 5.744
42 81 16.016
43 82 16.004
44 84 5.747
45 85 51.178
46 86 51.196
47 87 6.102
48 88 51.206
49 89 51.190
50 90 1.529
51 91 26.573
52 92 13.343
53 93 1.535
54 94 26.597
55 95 13.347
56 96 0.458
57 97 15.981
58 98 4.024
59 99 0.401
60 100 15.971
61 101 4.022
62 102 0.161
