0 00000038 40
0 00000178 40
0 00019038 40
0 00019178 40
0 00032038 40
0 00032178 40
1 00000bf0 24
1 00000d30 24
1 00000e70 24
1 00019bf0 24
1 00019d30 24
1 00019e70 24
1 00032bf0 24
1 00032d30 24
1 00032e70 24
2 0000ddb8 24
2 0000def8 24
2 0000e038 24
2 00026db8 24
2 00026ef8 24
2 00027038 24
2 0003fdb8 24
2 0003fef8 24
2 00040038 24
3 00008918 24
3 00008a58 24
3 00008b98 24
3 00021918 24
3 00021a58 24
3 00021b98 24
3 0003a918 24
3 0003aa58 24
3 0003ab98 24
4 0000b160 24
4 0000b2a0 24
4 0000b3e0 24
4 00024160 24
4 000242a0 24
4 000243e0 24
4 0003d160 24
4 0003d2a0 24
4 0003d3e0 24
5 0000d648 24
5 0000d788 24
5 0000d8c8 24
5 00026648 24
5 00026788 24
5 000268c8 24
5 0003f648 24
5 0003f788 24
5 0003f8c8 24
6 000040a8 24
6 000041e8 24
6 00004328 24
6 0001d0a8 24
6 0001d1e8 24
6 0001d328 24
6 000360a8 24
6 000361e8 24
6 00036328 24
7 000054f0 24
7 00005630 24
7 00005770 24
7 0001e4f0 24
7 0001e630 24
7 0001e770 24
7 000374f0 24
7 00037630 24
7 00037770 24
8 00011f08 24
8 00012048 24
8 00012188 24
8 0002af08 24
8 0002b048 24
8 0002b188 24
8 00043f08 24
8 00044048 24
8 00044188 24
9 0000ea00 24
9 0000eb40 24
9 0000ec80 24
9 00027a00 24
9 00027b40 24
9 00027c80 24
9 00040a00 24
9 00040b40 24
9 00040c80 24
10 0000e558 24
10 0000e698 24
10 0000e7d8 24
10 00027558 24
10 00027698 24
10 000277d8 24
10 00040558 24
10 00040698 24
10 000407d8 24
11 000097e8 24
11 00009928 24
11 00009a68 24
11 000227e8 24
11 00022928 24
11 00022a68 24
11 0003b7e8 24
11 0003b928 24
11 0003ba68 24
12 00013528 24
12 00013668 24
12 000137a8 24
12 0002c528 24
12 0002c668 24
12 0002c7a8 24
12 00045528 24
12 00045668 24
12 000457a8 24
13 00000950 24
13 00000a90 24
13 00000bd0 24
13 00019950 24
13 00019a90 24
13 00019bd0 24
13 00032950 24
13 00032a90 24
13 00032bd0 24
14 000022e0 24
14 00002420 24
14 00002560 24
14 0001b2e0 24
14 0001b420 24
14 0001b560 24
14 000342e0 24
14 00034420 24
14 00034560 24
15 00012950 24
15 00012a90 24
15 00012bd0 24
15 0002b950 24
15 0002ba90 24
15 0002bbd0 24
15 00044950 24
15 00044a90 24
15 00044bd0 24
16 0000f1a0 24
16 0000f2e0 24
16 0000f420 24
16 000281a0 24
16 000282e0 24
16 00028420 24
16 000411a0 24
16 000412e0 24
16 00041420 24
17 00005408 24
17 00005548 24
17 00005688 24
17 0001e408 24
17 0001e548 24
17 0001e688 24
17 00037408 24
17 00037548 24
17 00037688 24
18 00017b88 24
18 00017cc8 24
18 00017e08 24
18 00030b88 24
18 00030cc8 24
18 00030e08 24
18 00049b88 24
18 00049cc8 24
18 00049e08 24
19 00018c88 24
19 00018dc8 24
19 00018f08 24
19 00031c88 24
19 00031dc8 24
19 00031f08 24
19 0004ac88 24
19 0004adc8 24
19 0004af08 24
20 0000b5d8 24
20 0000b718 24
20 0000b858 24
20 000245d8 24
20 00024718 24
20 00024858 24
20 0003d5d8 24
20 0003d718 24
20 0003d858 24
21 00009790 24
21 000098d0 24
21 00009a10 24
21 00022790 24
21 000228d0 24
21 00022a10 24
21 0003b790 24
21 0003b8d0 24
21 0003ba10 24
22 00003b60 24
22 00003ca0 24
22 00003de0 24
22 0001cb60 24
22 0001cca0 24
22 0001cde0 24
22 00035b60 24
22 00035ca0 24
22 00035de0 24
23 00009890 24
23 000099d0 24
23 00009b10 24
23 00022890 24
23 000229d0 24
23 00022b10 24
23 0003b890 24
23 0003b9d0 24
23 0003bb10 24
24 0000c0b8 8
24 0000c1f8 24
24 0000c1f8 8
24 0000c338 24
24 0000c338 8
24 0000c478 24
24 000250b8 8
24 000251f8 24
24 000251f8 8
24 00025338 24
24 00025338 8
24 00025478 24
24 0003e0b8 8
24 0003e1f8 24
24 0003e1f8 8
24 0003e338 24
24 0003e338 8
24 0003e478 24
25 00010398 24
25 000104d8 24
25 00010618 24
25 00029398 24
25 000294d8 24
25 00029618 24
25 00042398 24
25 000424d8 24
25 00042618 24
26 00009cf0 24
26 00009e30 24
26 00009f70 24
26 00022cf0 24
26 00022e30 24
26 00022f70 24
26 0003bcf0 24
26 0003be30 24
26 0003bf70 24
27 00013540 24
27 00013680 24
27 000137c0 24
27 0002c540 24
27 0002c680 24
27 0002c7c0 24
27 00045540 24
27 00045680 24
27 000457c0 24
28 000101b0 16
28 000102f8 16
28 000102f0 16
28 00010438 16
28 00010430 16
28 00010578 16
28 000291b0 16
28 000292f8 16
28 000292f0 16
28 00029438 16
28 00029430 16
28 00029578 16
28 000421b0 16
28 000422f8 16
28 000422f0 16
28 00042438 16
28 00042430 16
28 00042578 16
29 0000cf30 24
29 0000d070 24
29 0000d1b0 24
29 00025f30 24
29 00026070 24
29 000261b0 24
29 0003ef30 24
29 0003f070 24
29 0003f1b0 24
30 00011fb8 8
30 000120f8 24
30 000120f8 8
30 00012238 24
30 00012238 8
30 00012378 24
30 0002afb8 8
30 0002b0f8 24
30 0002b0f8 8
30 0002b238 24
30 0002b238 8
30 0002b378 24
30 00043fb8 8
30 000440f8 24
30 000440f8 8
30 00044238 24
30 00044238 8
30 00044378 24
31 000187f8 24
31 00018938 24
31 00018a78 24
31 000317f8 24
31 00031938 24
31 00031a78 24
31 0004a7f8 24
31 0004a938 24
31 0004aa78 24
32 00014500 24
32 00014640 24
32 00014780 24
32 0002d500 24
32 0002d640 24
32 0002d780 24
32 00046500 24
32 00046640 24
32 00046780 24
33 000178f0 24
33 00017a30 24
33 00017b70 24
33 000308f0 24
33 00030a30 24
33 00030b70 24
33 000498f0 24
33 00049a30 24
33 00049b70 24
34 00015d38 24
34 00015e78 24
34 00015fb8 24
34 0002ed38 24
34 0002ee78 24
34 0002efb8 24
34 00047d38 24
34 00047e78 24
34 00047fb8 24
35 00018618 24
35 00018758 24
35 00018898 24
35 00031618 24
35 00031758 24
35 00031898 24
35 0004a618 24
35 0004a758 24
35 0004a898 24
36 0000fb98 24
36 0000fcd8 24
36 0000fe18 24
36 00028b98 24
36 00028cd8 24
36 00028e18 24
36 00041b98 24
36 00041cd8 24
36 00041e18 24
37 00001dc0 24
37 00001f00 24
37 00002040 24
37 0001adc0 24
37 0001af00 24
37 0001b040 24
37 00033dc0 24
37 00033f00 24
37 00034040 24
38 00007280 24
38 000073c0 24
38 00007500 24
38 00020280 24
38 000203c0 24
38 00020500 24
38 00039280 24
38 000393c0 24
38 00039500 24
39 000031a0 24
39 000032e0 24
39 00003420 24
39 0001c1a0 24
39 0001c2e0 24
39 0001c420 24
39 000351a0 24
39 000352e0 24
39 00035420 24
40 000117e8 24
40 00011928 24
40 00011a68 24
40 0002a7e8 24
40 0002a928 24
40 0002aa68 24
40 000437e8 24
40 00043928 24
40 00043a68 24
41 00016aa8 24
41 00016be8 24
41 00016d28 24
41 0002faa8 24
41 0002fbe8 24
41 0002fd28 24
41 00048aa8 24
41 00048be8 24
41 00048d28 24
42 000022d0 24
42 00002410 24
42 00002550 24
42 0001b2d0 24
42 0001b410 24
42 0001b550 24
42 000342d0 24
42 00034410 24
42 00034550 24
43 0000ef78 24
43 0000f0b8 24
43 0000f1f8 24
43 00027f78 24
43 000280b8 24
43 000281f8 24
43 00040f78 24
43 000410b8 24
43 000411f8 24
44 00000c70 24
44 00000db0 24
44 00000ef0 24
44 00019c70 24
44 00019db0 24
44 00019ef0 24
44 00032c70 24
44 00032db0 24
44 00032ef0 24
45 00005b90 24
45 00005cd0 24
45 00005e10 24
45 0001eb90 24
45 0001ecd0 24
45 0001ee10 24
45 00037b90 24
45 00037cd0 24
45 00037e10 24
46 00018368 24
46 000184a8 24
46 000185e8 24
46 00031368 24
46 000314a8 24
46 000315e8 24
46 0004a368 24
46 0004a4a8 24
46 0004a5e8 24
47 00014e38 24
47 00014f78 24
47 000150b8 24
47 0002de38 24
47 0002df78 24
47 0002e0b8 24
47 00046e38 24
47 00046f78 24
47 000470b8 24
48 000047c8 24
48 00004908 24
48 00004a48 24
48 0001d7c8 24
48 0001d908 24
48 0001da48 24
48 000367c8 24
48 00036908 24
48 00036a48 24
49 00000178 40
49 00000178 8
49 000002b8 40
49 000002b8 8
49 000003f8 40
49 00019178 40
49 00019178 8
49 000192b8 40
49 000192b8 8
49 000193f8 40
49 00032178 40
49 00032178 8
49 000322b8 40
49 000322b8 8
49 000323f8 40
50 000003f8 24
50 00000538 24
50 00000678 24
50 000193f8 24
50 00019538 24
50 00019678 24
50 000323f8 24
50 00032538 24
50 00032678 24
51 00018c78 24
51 00018db8 24
51 00018ef8 24
51 00031c78 24
51 00031db8 24
51 00031ef8 24
51 0004ac78 24
51 0004adb8 24
51 0004aef8 24
52 00018da8 24
52 00018ee8 24
52 00019028 24
52 00031da8 24
52 00031ee8 24
52 00032028 24
52 0004ada8 24
52 0004aee8 24
52 0004b028 24
53 0004b140 16
53 0004b160 16
53 0004b180 8
53 0004b4c8 8
53 0004b4e0 16
53 0004b500 16
53 0004b848 16
53 0004b868 16
53 0004b888 8
53 0004bbd0 8
53 0004bbe8 16
53 0004bc08 16
53 0004bf50 16
53 0004bf70 16
53 0004bf90 8
53 0004c2d8 8
53 0004c2f0 16
53 0004c310 16
53 0004c658 16
53 0004c678 16
53 0004c698 8
53 0004c9e0 8
53 0004c9f8 16
53 0004ca18 16
53 0004cd60 16
53 0004cd80 16
53 0004cda0 8
53 0004d0e8 8
53 0004d100 16
53 0004d120 16
53 0004d468 16
53 0004d488 16
53 0004d4a8 8
53 0004d7f0 8
53 0004d808 16
53 0004d828 16
53 0004db70 16
53 0004db90 16
53 0004dbb0 8
53 0004def8 8
53 0004df10 16
53 0004df30 16
53 0004e278 16
53 0004e298 16
53 0004e2b8 8
53 0004e600 8
53 0004e618 16
53 0004e638 16
53 0004e980 16
53 0004e9a0 16
53 0004e9c0 8
53 0004ed08 8
53 0004ed20 16
53 0004ed40 16
53 0004f088 16
53 0004f0a8 16
53 0004f0c8 8
53 0004f410 8
53 0004f428 16
53 0004f448 16
53 0004f790 16
53 0004f7b0 16
53 0004f7d0 8
53 0004fb18 8
53 0004fb30 16
53 0004fb50 16
53 0004fe98 16
53 0004feb8 16
53 0004fed8 8
53 00050220 8
53 00050238 16
53 00050258 16
53 000505a0 16
53 000505c0 16
53 000505e0 8
53 00050928 8
53 00050940 16
53 00050960 16
53 00050ca8 16
53 00050cc8 16
53 00050ce8 8
53 00051030 8
53 00051048 16
53 00051068 16
53 000513b0 16
53 000513d0 16
53 000513f0 8
53 00051738 8
53 00051750 16
53 00051770 16
53 00051ab8 16
53 00051ad8 16
53 00051af8 8
53 00051e40 8
53 00051e58 16
53 00051e78 16
53 000521c0 16
53 000521e0 16
53 00052200 8
53 00052548 8
53 00052560 16
53 00052580 16
53 000528c8 16
53 000528e8 16
53 00052908 8
53 00052c50 8
53 00052c68 16
53 00052c88 16
53 00052fd0 16
53 00052ff0 16
53 00053010 8
53 00053358 8
53 00053370 16
53 00053390 16
53 000536d8 16
53 000536f8 16
53 00053718 8
53 00053a60 8
53 00053a78 16
53 00053a98 16
53 00053de0 16
53 00053e00 16
53 00053e20 8
53 00054168 8
53 00054180 16
53 000541a0 16
53 000544e8 16
53 00054508 16
53 00054528 8
53 00054870 8
53 00054888 16
53 000548a8 16
53 00054bf0 16
53 00054c10 16
53 00054c30 8
53 00054f78 8
53 00054f90 16
53 00054fb0 16
53 000552f8 16
53 00055318 16
53 00055338 8
53 00055680 8
53 00055698 16
53 000556b8 16
53 00055a00 16
53 00055a20 16
53 00055a40 8
53 00055d88 8
53 00055da0 16
53 00055dc0 16
53 00056108 16
53 00056128 16
53 00056148 8
53 00056490 8
53 000564a8 16
53 000564c8 16
53 00056810 16
53 00056830 16
53 00056850 8
53 00056b98 8
53 00056bb0 16
53 00056bd0 16
53 00056f18 16
53 00056f38 16
53 00056f58 8
53 000572a0 8
53 000572b8 16
53 000572d8 16
53 00057620 16
53 00057640 16
53 00057660 8
53 000579a8 8
53 000579c0 16
53 000579e0 16
53 00057d28 16
53 00057d48 16
53 00057d68 8
53 000580b0 8
53 000580c8 16
53 000580e8 16
53 00058430 16
53 00058450 16
53 00058470 8
53 000587b8 8
53 000587d0 16
53 000587f0 16
53 00058b38 16
53 00058b58 16
53 00058b78 8
53 00058ec0 8
53 00058ed8 16
53 00058ef8 16
53 00059240 16
53 00059260 16
53 00059280 8
53 000595c8 8
53 000595e0 16
53 00059600 16
53 00059948 16
53 00059968 16
53 00059988 8
53 00059cd0 8
53 00059ce8 16
53 00059d08 16
53 0005a050 16
53 0005a070 16
53 0005a090 8
53 0005a3d8 8
53 0005a3f0 16
53 0005a410 16
53 0005a758 16
53 0005a778 16
53 0005a798 8
53 0005aae0 8
53 0005aaf8 16
53 0005ab18 16
53 0005ae60 16
53 0005ae80 16
53 0005aea0 8
53 0005b1e8 8
53 0005b200 16
53 0005b220 16
53 0005b568 16
53 0005b588 16
53 0005b5a8 8
53 0005b8f0 8
53 0005b908 16
53 0005b928 16
53 0005bc70 16
53 0005bc90 16
53 0005bcb0 8
53 0005bff8 8
53 0005c010 16
53 0005c030 16
53 0005c378 16
53 0005c398 16
53 0005c3b8 8
53 0005c700 8
53 0005c718 16
53 0005c738 16
53 0005ca80 16
53 0005caa0 16
53 0005cac0 8
53 0005ce08 8
53 0005ce20 16
53 0005ce40 16
53 0005d188 16
53 0005d1a8 16
53 0005d1c8 8
53 0005d510 8
53 0005d528 16
53 0005d548 16
53 0005d890 16
53 0005d8b0 16
53 0005d8d0 8
53 0005dc18 8
53 0005dc30 16
53 0005dc50 16
53 0005df98 16
53 0005dfb8 16
53 0005dfd8 8
53 0005e320 8
53 0005e338 16
53 0005e358 16
53 0005e6a0 16
53 0005e6c0 16
53 0005e6e0 8
53 0005ea28 8
53 0005ea40 16
53 0005ea60 16
53 0005eda8 16
53 0005edc8 16
53 0005ede8 8
53 0005f130 8
53 0005f148 16
53 0005f168 16
53 0005f4b0 16
53 0005f4d0 16
53 0005f4f0 8
53 0005f838 8
53 0005f850 16
53 0005f870 16
53 0005fbb8 16
53 0005fbd8 16
53 0005fbf8 8
53 0005ff40 8
53 0005ff58 16
53 0005ff78 16
53 000602c0 16
53 000602e0 16
53 00060300 8
53 00060648 8
53 00060660 16
53 00060680 16
53 000609c8 16
53 000609e8 16
53 00060a08 8
53 00060d50 8
53 00060d68 16
53 00060d88 16
53 000610d0 16
53 000610f0 16
53 00061110 8
53 00061458 8
53 00061470 16
53 00061490 16
53 000617d8 16
53 000617f8 16
53 00061818 8
53 00061b60 8
53 00061b78 16
53 00061b98 16
53 00061ee0 16
53 00061f00 16
53 00061f20 8
53 00062268 8
53 00062280 16
53 000622a0 16
53 000625e8 16
53 00062608 16
53 00062628 8
53 00062970 8
53 00062988 16
53 000629a8 16
53 00062cf0 16
53 00062d10 16
53 00062d30 8
53 00063078 8
53 00063090 16
53 000630b0 16
53 000633f8 16
53 00063418 16
53 00063438 8
53 00063780 8
53 00063798 16
53 000637b8 16
53 00063b00 16
53 00063b20 16
53 00063b40 8
53 00063e88 8
53 00063ea0 16
53 00063ec0 16
53 00064208 16
53 00064228 16
53 00064248 8
53 00064590 8
53 000645a8 16
53 000645c8 16
53 00064910 16
53 00064930 16
53 00064950 8
53 00064c98 8
53 00064cb0 16
53 00064cd0 16
53 00065018 16
53 00065038 16
53 00065058 8
53 000653a0 8
53 000653b8 16
53 000653d8 16
53 00065720 16
53 00065740 16
53 00065760 8
53 00065aa8 8
53 00065ac0 16
53 00065ae0 16
53 00065e28 16
53 00065e48 16
53 00065e68 8
53 000661b0 8
53 000661c8 16
53 000661e8 16
53 00066530 16
53 00066550 16
53 00066570 8
53 000668b8 8
53 000668d0 16
53 000668f0 16
53 00066c38 16
53 00066c58 16
53 00066c78 8
53 00066fc0 8
53 00066fd8 16
53 00066ff8 16
53 00067340 16
53 00067360 16
53 00067380 8
53 000676c8 8
53 000676e0 16
53 00067700 16
53 00067a48 16
53 00067a68 16
53 00067a88 8
53 00067dd0 8
53 00067de8 16
53 00067e08 16
53 00068150 16
53 00068170 16
53 00068190 8
53 000684d8 8
53 000684f0 16
53 00068510 16
53 00068858 16
53 00068878 16
53 00068898 8
53 00068be0 8
53 00068bf8 16
53 00068c18 16
53 00068f60 16
53 00068f80 16
53 00068fa0 8
53 000692e8 8
53 00069300 16
53 00069320 16
53 00069668 16
53 00069688 16
53 000696a8 8
53 000699f0 8
53 00069a08 16
53 00069a28 16
53 00069d70 16
53 00069d90 16
53 00069db0 8
53 0006a0f8 8
53 0006a110 16
53 0006a130 16
53 0006a478 16
53 0006a498 16
53 0006a4b8 8
53 0006a800 8
53 0006a818 16
53 0006a838 16
53 0006ab80 16
53 0006aba0 16
53 0006abc0 8
53 0006af08 8
53 0006af20 16
53 0006af40 16
53 0006b288 16
53 0006b2a8 16
53 0006b2c8 8
53 0006b610 8
53 0006b628 16
53 0006b648 16
53 0006b990 16
53 0006b9b0 16
53 0006b9d0 8
53 0006bd18 8
53 0006bd30 16
53 0006bd50 16
53 0006c098 16
53 0006c0b8 16
53 0006c0d8 8
53 0006c420 8
53 0006c438 16
53 0006c458 16
53 0006c7a0 16
53 0006c7c0 16
53 0006c7e0 8
53 0006cb28 8
53 0006cb40 16
53 0006cb60 16
53 0006cea8 16
53 0006cec8 16
53 0006cee8 8
53 0006d230 8
53 0006d248 16
53 0006d268 16
53 0006d5b0 16
53 0006d5d0 16
53 0006d5f0 8
53 0006d938 8
53 0006d950 16
53 0006d970 16
53 0006dcb8 16
53 0006dcd8 16
53 0006dcf8 8
53 0006e040 8
53 0006e058 16
53 0006e078 16
53 0006e3c0 16
53 0006e3e0 16
53 0006e400 8
53 0006e748 8
53 0006e760 16
53 0006e780 16
53 0006eac8 16
53 0006eae8 16
53 0006eb08 8
53 0006ee50 8
53 0006ee68 16
53 0006ee88 16
53 0006f1d0 16
53 0006f1f0 16
53 0006f210 8
53 0006f558 8
53 0006f570 16
53 0006f590 16
53 0006f8d8 16
53 0006f8f8 16
53 0006f918 8
53 0006fc60 8
53 0006fc78 16
53 0006fc98 16
53 0006ffe0 16
53 00070000 16
53 00070020 8
53 00070368 8
53 00070380 16
53 000703a0 16
53 000706e8 16
53 00070708 16
53 00070728 8
53 00070a70 8
53 00070a88 16
53 00070aa8 16
53 00070df0 16
53 00070e10 16
53 00070e30 8
53 00071178 8
53 00071190 16
53 000711b0 16
53 000714f8 16
53 00071518 16
53 00071538 8
53 00071880 8
53 00071898 16
53 000718b8 16
53 00071c00 16
53 00071c20 16
53 00071c40 8
53 00071f88 8
53 00071fa0 16
53 00071fc0 16
53 00072308 16
53 00072328 16
53 00072348 8
53 00072690 8
53 000726a8 16
53 000726c8 16
53 00072a10 16
53 00072a30 16
53 00072a50 8
53 00072d98 8
53 00072db0 16
53 00072dd0 16
53 00073118 16
53 00073138 16
53 00073158 8
53 000734a0 8
53 000734b8 16
53 000734d8 16
53 00073820 16
53 00073840 16
53 00073860 8
53 00073ba8 8
53 00073bc0 16
53 00073be0 16
53 00073f28 16
53 00073f48 16
53 00073f68 8
53 000742b0 8
53 000742c8 16
53 000742e8 16
53 00074630 16
53 00074650 16
53 00074670 8
53 000749b8 8
53 000749d0 16
53 000749f0 16
53 00074d38 16
53 00074d58 16
53 00074d78 8
53 000750c0 8
53 000750d8 16
53 000750f8 16
53 00075440 16
53 00075460 16
53 00075480 8
53 000757c8 8
53 000757e0 16
53 00075800 16
53 00075b48 16
53 00075b68 16
53 00075b88 8
53 00075ed0 8
53 00075ee8 16
53 00075f08 16
53 00076250 16
53 00076270 16
53 00076290 8
53 000765d8 8
53 000765f0 16
53 00076610 16
53 00076958 16
53 00076978 16
53 00076998 8
53 00076ce0 8
53 00076cf8 16
53 00076d18 16
53 00077060 16
53 00077080 16
53 000770a0 8
53 000773e8 8
53 00077400 16
53 00077420 16
53 00077768 16
53 00077788 16
53 000777a8 8
53 00077af0 8
53 00077b08 16
53 00077b28 16
53 00077e70 16
53 00077e90 16
53 00077eb0 8
53 000781f8 8
53 00078210 16
53 00078230 16
53 00078578 16
53 00078598 16
53 000785b8 8
53 00078900 8
53 00078918 16
53 00078938 16
53 00078c80 16
53 00078ca0 16
53 00078cc0 8
53 00079008 8
53 00079020 16
53 00079040 16
53 00079388 16
53 000793a8 16
53 000793c8 8
53 00079710 8
53 00079728 16
53 00079748 16
53 00079a90 16
53 00079ab0 16
53 00079ad0 8
53 00079e18 8
53 00079e30 16
53 00079e50 16
53 0007a198 16
53 0007a1b8 16
53 0007a1d8 8
53 0007a520 8
53 0007a538 16
53 0007a558 16
53 0007a8a0 16
53 0007a8c0 16
53 0007a8e0 8
53 0007ac28 8
53 0007ac40 16
53 0007ac60 16
53 0007afa8 16
53 0007afc8 16
53 0007afe8 8
53 0007b330 8
53 0007b348 16
53 0007b368 16
53 0007b6b0 16
53 0007b6d0 16
53 0007b6f0 8
53 0007ba38 8
53 0007ba50 16
53 0007ba70 16
53 0007bdb8 16
53 0007bdd8 16
53 0007bdf8 8
53 0007c140 8
53 0007c158 16
53 0007c178 16
53 0007c4c0 16
53 0007c4e0 16
53 0007c500 8
53 0007c848 8
53 0007c860 16
53 0007c880 16
53 0007cbc8 16
53 0007cbe8 16
53 0007cc08 8
53 0007cf50 8
53 0007cf68 16
53 0007cf88 16
53 0007d2d0 16
53 0007d2f0 16
53 0007d310 8
53 0007d658 8
53 0007d670 16
53 0007d690 16
53 0007d9d8 16
53 0007d9f8 16
53 0007da18 8
53 0007dd60 8
53 0007dd78 16
53 0007dd98 16
53 0007e0e0 16
53 0007e100 16
53 0007e120 8
53 0007e468 8
53 0007e480 16
53 0007e4a0 16
53 0007e7e8 16
53 0007e808 16
53 0007e828 8
53 0007eb70 8
53 0007eb88 16
53 0007eba8 16
53 0007eef0 16
53 0007ef10 16
53 0007ef30 8
53 0007f278 8
53 0007f290 16
53 0007f2b0 16
53 0007f5f8 16
53 0007f618 16
53 0007f638 8
53 0007f980 8
53 0007f998 16
53 0007f9b8 16
53 0007fd00 16
53 0007fd20 16
53 0007fd40 8
53 00080088 8
53 000800a0 16
53 000800c0 16
53 00080408 16
53 00080428 16
53 00080448 8
53 00080790 8
53 000807a8 16
53 000807c8 16
53 00080b10 16
53 00080b30 16
53 00080b50 8
53 00080e98 8
53 00080eb0 16
53 00080ed0 16
53 00081218 16
53 00081238 16
53 00081258 8
53 000815a0 8
53 000815b8 16
53 000815d8 16
53 00081920 16
53 00081940 16
53 00081960 8
53 00081ca8 8
53 00081cc0 16
53 00081ce0 16
53 00082028 16
53 00082048 16
53 00082068 8
53 000823b0 8
53 000823c8 16
53 000823e8 16
53 00082730 16
53 00082750 16
53 00082770 8
53 00082ab8 8
53 00082ad0 16
53 00082af0 16
53 00082e38 16
53 00082e58 16
53 00082e78 8
53 000831c0 8
53 000831d8 16
53 000831f8 16
54 000835c0 16
54 00083750 16
54 000838e0 16
54 00083a70 16
54 00083c00 16
54 00083d90 16
54 00083f20 16
54 000840b0 16
54 00084240 16
54 000843d0 16
54 00084560 16
54 000846f0 16
54 00084880 16
54 00084a10 16
54 00084ba0 16
54 00084d30 16
54 00084ec0 16
54 00085050 16
54 000851e0 16
54 00085370 16
54 00085500 16
54 00085690 16
54 00085820 16
54 000859b0 16
54 00085b40 16
54 00085cd0 16
54 00085e60 16
54 00085ff0 16
54 00086180 16
54 00086310 16
54 000864a0 16
54 00086630 16
54 000867c0 16
54 00086950 16
54 00086ae0 16
54 00086c70 16
54 00086e00 16
54 00086f90 16
54 00087120 16
54 000872b0 16
54 00087440 16
54 000875d0 16
54 00087760 16
54 000878f0 16
54 00087a80 16
54 00087c10 16
54 00087da0 16
54 00087f30 16
54 000880c0 16
54 00088250 16
54 000883e0 16
54 00088570 16
54 00088700 16
54 00088890 16
54 00088a20 16
54 00088bb0 16
54 00088d40 16
54 00088ed0 16
54 00089060 16
54 000891f0 16
54 00089380 16
54 00089510 16
54 000896a0 16
54 00089830 16
55 00083730 16
55 000838c0 16
55 00083a50 16
55 00083be0 16
55 00083d70 16
55 00083f00 16
55 00084090 16
55 00084220 16
55 000843b0 16
55 00084540 16
55 000846d0 16
55 00084860 16
55 000849f0 16
55 00084b80 16
55 00084d10 16
55 00084ea0 16
55 00085030 16
55 000851c0 16
55 00085350 16
55 000854e0 16
55 00085670 16
55 00085800 16
55 00085990 16
55 00085b20 16
55 00085cb0 16
55 00085e40 16
55 00085fd0 16
55 00086160 16
55 000862f0 16
55 00086480 16
55 00086610 16
55 000867a0 16
55 00086930 16
55 00086ac0 16
55 00086c50 16
55 00086de0 16
55 00086f70 16
55 00087100 16
55 00087290 16
55 00087420 16
55 000875b0 16
55 00087740 16
55 000878d0 16
55 00087a60 16
55 00087bf0 16
55 00087d80 16
55 00087f10 16
55 000880a0 16
55 00088230 16
55 000883c0 16
55 00088550 16
55 000886e0 16
55 00088870 16
55 00088a00 16
55 00088b90 16
55 00088d20 16
55 00088eb0 16
55 00089040 16
55 000891d0 16
55 00089360 16
55 000894f0 16
55 00089680 16
55 00089810 16
55 000899a0 16
56 00089a78 16
56 00089a80 16
56 00089a80 16
56 00089a78 16
56 00089a80 16
56 00089a80 16
56 00089a88 16
56 00089a80 16
56 00089a80 16
56 00089a88 16
56 00089a88 16
56 00089a90 16
56 00089a90 16
56 00089a88 16
56 00089a90 16
56 00089a90 16
56 00089a98 16
56 00089a90 16
56 00089a90 16
56 00089a98 16
56 00089a98 16
56 00089aa0 16
56 00089aa0 16
56 00089a98 16
56 00089aa0 16
56 00089aa0 16
56 00089aa8 16
56 00089aa0 16
56 00089aa0 16
56 00089aa8 16
56 00089aa8 16
56 00089ab0 16
56 00089ab0 16
56 00089aa8 16
56 00089ab0 16
56 00089ab0 16
56 00089ab8 16
56 00089ab0 16
56 00089ab0 16
56 00089ab8 16
56 00089ab8 16
56 00089ac0 16
56 00089ac0 16
56 00089ab8 16
56 00089ac0 16
56 00089ac0 16
56 00089ac8 16
56 00089ac0 16
56 00089ac0 16
56 00089ac8 16
56 00089ac8 16
56 00089ad0 16
56 00089ad0 16
56 00089ac8 16
56 00089ad0 16
56 00089ad0 16
56 00089ad8 16
56 00089ad0 16
56 00089ad0 16
56 00089ad8 16
56 00089ad8 16
56 00089ae0 16
56 00089ae0 16
56 00089ad8 16
56 00089ae0 16
56 00089ae0 16
56 00089ae8 16
56 00089ae0 16
56 00089ae0 16
56 00089ae8 16
56 00089ae8 16
56 00089af0 16
56 00089af0 16
56 00089ae8 16
56 00089af0 16
56 00089af0 16
56 00089af8 16
56 00089af0 16
56 00089af0 16
56 00089af8 16
56 00089af8 16
56 00089b00 16
56 00089b00 16
56 00089af8 16
56 00089b00 16
56 00089b00 16
56 00089b08 16
56 00089b00 16
56 00089b00 16
56 00089b08 16
56 00089b08 16
56 00089b10 16
56 00089b10 16
56 00089b08 16
56 00089b10 16
56 00089b10 16
56 00089b18 16
56 00089b10 16
56 00089b10 16
56 00089b18 16
56 00089b18 16
56 00089b20 16
56 00089b20 16
56 00089b18 16
56 00089b20 16
56 00089b20 16
56 00089b28 16
56 00089b20 16
56 00089b20 16
56 00089b28 16
56 00089b28 16
56 00089b30 16
56 00089b30 16
56 00089b28 16
56 00089b30 16
56 00089b30 16
56 00089b38 16
56 00089b30 16
56 00089b30 16
56 00089b38 16
56 00089b38 16
56 00089b40 16
56 00089b40 16
56 00089b38 16
56 00089b40 16
56 00089b40 16
56 00089b48 16
56 00089b40 16
56 00089b40 16
56 00089b48 16
56 00089b48 16
56 00089b50 16
56 00089b50 16
56 00089b48 16
56 00089b50 16
56 00089b50 16
56 00089b58 16
56 00089b50 16
56 00089b50 16
56 00089b58 16
56 00089b58 16
56 00089b60 16
56 00089b60 16
56 00089b58 16
56 00089b60 16
56 00089b60 16
56 00089b68 16
56 00089b60 16
56 00089b60 16
56 00089b68 16
56 00089b68 16
56 00089b70 16
56 00089b70 16
56 00089b68 16
56 00089b70 16
56 00089b70 16
56 00089b78 16
56 00089b70 16
56 00089b70 16
56 00089b78 16
56 00089b78 16
56 00089b80 16
56 00089b80 16
56 00089b78 16
56 00089b80 16
56 00089b80 16
56 00089b88 16
56 00089b80 16
56 00089b80 16
56 00089b88 16
56 00089b88 16
56 00089b90 16
56 00089b90 16
56 00089b88 16
56 00089b90 16
56 00089b90 16
56 00089b98 16
56 00089b90 16
56 00089b90 16
56 00089b98 16
56 00089b98 16
56 00089ba0 16
56 00089ba0 16
56 00089b98 16
56 00089ba0 16
56 00089ba0 16
56 00089ba8 16
56 00089ba0 16
56 00089ba0 16
56 00089ba8 16
56 00089ba8 16
56 00089bb0 16
56 00089bb0 16
56 00089ba8 16
56 00089bb0 16
56 00089bb0 16
56 00089bb8 16
56 00089bb0 16
56 00089bb0 16
56 00089bb8 16
56 00089bb8 16
56 00089bc0 16
56 00089bc0 16
56 00089bb8 16
56 00089bc0 16
56 00089bc0 16
56 00089bc8 16
56 00089bc0 16
56 00089bc0 16
56 00089bc8 16
56 00089bc8 16
56 00089bd0 16
56 00089bd0 16
56 00089bc8 16
56 00089bd0 16
56 00089bd0 16
56 00089bd8 16
56 00089bd0 16
56 00089bd0 16
56 00089bd8 16
56 00089bd8 16
56 00089be0 16
56 00089be0 16
56 00089bd8 16
56 00089be0 16
56 00089be0 16
56 00089be8 16
56 00089be0 16
56 00089be0 16
56 00089be8 16
56 00089be8 16
56 00089bf0 16
56 00089bf0 16
56 00089be8 16
56 00089bf0 16
56 00089bf0 16
56 00089bf8 16
56 00089bf0 16
56 00089bf0 16
56 00089bf8 16
56 00089bf8 16
56 00089c00 16
56 00089c00 16
56 00089bf8 16
56 00089c00 16
56 00089c00 16
56 00089c08 16
56 00089c00 16
56 00089c00 16
56 00089c08 16
56 00089c08 16
56 00089c10 16
56 00089c10 16
56 00089c08 16
56 00089c10 16
56 00089c10 16
56 00089c18 16
56 00089c10 16
56 00089c10 16
56 00089c18 16
56 00089c18 16
56 00089c20 16
56 00089c20 16
56 00089c18 16
56 00089c20 16
56 00089c20 16
56 00089c28 16
56 00089c20 16
56 00089c20 16
56 00089c28 16
56 00089c28 16
56 00089c30 16
56 00089c30 16
56 00089c28 16
56 00089c30 16
56 00089c30 16
56 00089c38 16
56 00089c30 16
56 00089c30 16
56 00089c38 16
56 00089c38 16
56 00089c40 16
56 00089c40 16
56 00089c38 16
56 00089c40 16
56 00089c40 16
56 00089c48 16
56 00089c40 16
56 00089c40 16
56 00089c48 16
56 00089c48 16
56 00089c50 16
56 00089c50 16
56 00089c48 16
56 00089c50 16
56 00089c50 16
56 00089c58 16
56 00089c50 16
56 00089c50 16
56 00089c58 16
56 00089c58 16
56 00089c60 16
56 00089c60 16
56 00089c58 16
56 00089c60 16
56 00089c60 16
56 00089c68 16
56 00089c60 16
56 00089c60 16
56 00089c68 16
56 00089c68 16
56 00089c70 16
56 00089c70 16
56 00089c68 16
56 00089c70 16
56 00089c70 16
56 00089c78 16
56 00089c70 16
56 00089c70 16
56 00089c78 16
57 00089d38 24
57 00089d48 8
57 00089d40 16
57 00089d48 16
57 00089d50 8
57 00089d48 16
57 00089d50 16
57 00089d58 16
57 00089da0 16
57 00089da8 16
57 00089da8 8
57 00089da8 24
57 00089db0 16
57 00089db0 16
57 00089db0 24
57 00089dc0 8
57 00089e00 24
57 00089e10 8
57 00089e08 16
57 00089e10 16
57 00089e18 8
57 00089e10 16
57 00089e18 16
57 00089e20 16
57 00089e68 16
57 00089e70 16
57 00089e70 8
57 00089e70 24
57 00089e78 16
57 00089e78 16
57 00089e78 24
57 00089e88 8
57 00089ec8 24
57 00089ed8 8
57 00089ed0 16
57 00089ed8 16
57 00089ee0 8
57 00089ed8 16
57 00089ee0 16
57 00089ee8 16
57 00089f30 16
57 00089f38 16
57 00089f38 8
57 00089f38 24
57 00089f40 16
57 00089f40 16
57 00089f40 24
57 00089f50 8
57 00089f90 24
57 00089fa0 8
57 00089f98 16
57 00089fa0 16
57 00089fa8 8
57 00089fa0 16
57 00089fa8 16
57 00089fb0 16
57 00089ff8 16
57 0008a000 16
57 0008a000 8
57 0008a000 24
57 0008a008 16
57 0008a008 16
57 0008a008 24
57 0008a018 8
58 00089d90 16
58 00089d98 16
58 00089df8 8
58 00089e00 16
58 00089e58 16
58 00089e60 16
58 00089ec0 8
58 00089ec8 16
58 00089f20 16
58 00089f28 16
58 00089f88 8
58 00089f90 16
58 00089fe8 16
58 00089ff0 16
58 0008a050 8
58 0008a058 16
59 0008a120 8
59 0008a120 8
59 0008a120 8
60 0008a1e8 16
60 0008a1f0 16
60 0008a1e0 16
60 0008a1f0 8
60 0008a1f8 16
60 0008a1e8 16
60 0008a1f0 16
60 0008a200 16
60 0008a208 16
60 0008a200 8
60 0008a208 16
60 0008a210 16
60 0008a200 16
60 0008a208 16
60 0008a218 16
60 0008a228 8
60 0008a218 8
60 0008a220 16
60 0008a228 16
60 0008a218 16
60 0008a228 8
61 0008a2f8 8
61 0008a300 8
61 0008a2f8 16
61 0008a300 16
61 0008a300 8
61 0008a308 16
61 0008a310 8
61 0008a318 8
61 0008a310 16
61 0008a320 8
61 0008a318 8
61 0008a320 16
62 0008a2f8 8
62 0008a300 8
62 0008a308 8
62 0008a2f8 16
62 0008a300 16
62 0008a300 8
62 0008a308 16
62 0008a310 8
62 0008a318 8
62 0008a320 8
62 0008a318 8
62 0008a320 8
62 0008a318 8
62 0008a320 16
63 0008a2f8 8
63 0008a300 8
63 0008a308 16
63 0008a2f8 16
63 0008a300 16
63 0008a300 8
63 0008a308 16
63 0008a310 8
63 0008a318 8
63 0008a320 16
63 0008a310 16
63 0008a320 8
63 0008a318 8
63 0008a320 16
64 0008a3e8 16
64 0008a3f0 16
64 0008a410 16
64 0008a418 8
65 0008a500 16
65 0008a508 8
65 0008a508 16
65 0008a508 8
65 0008a508 16
65 0008a510 8
65 0008a510 8
65 0008a510 16
65 0008a528 8
65 0008a528 16
65 0008a530 8
65 0008a528 16
65 0008a530 16
65 0008a538 8
65 0008a530 16
65 0008a538 8
